"N_NODES: 30;" "N_TXS: 100;" "AMOUNT_MIN: 1;" "AMOUNT_MAX: 1000;"
node1 node2 amount
14 12 342
29 18 656
13 18 97
28 1 1000
13 27 876
20 10 573
25 27 527
23 2 175
21 11 398
14 5 866
7 26 313
22 0 656
18 21 791
18 21 800
20 14 639
8 28 589
16 17 686
8 17 546
8 24 845
7 9 246
15 7 911
16 5 399
28 9 583
0 19 671
0 12 627
11 5 60
19 25 93
20 7 455
25 17 676
5 27 608
1 18 566
10 15 567
14 5 923
17 18 311
27 9 783
19 2 324
11 16 601
29 3 375
26 9 125
10 2 146
27 1 284
28 19 6
17 13 36
11 5 840
6 15 229
20 5 226
18 3 916
19 6 823
20 0 183
21 1 798
8 24 288
19 14 651
22 14 126
19 8 320
9 5 13
9 15 438
23 5 649
8 28 852
14 27 359
28 13 817
4 5 831
3 21 531
25 5 901
17 14 154
5 12 512
12 8 511
15 23 894
10 28 501
18 2 436
7 16 680
21 7 979
2 25 704
6 14 58
8 13 722
28 24 532
22 24 434
14 16 75
19 29 125
10 1 841
27 8 357
22 1 46
7 28 195
24 25 399
17 5 734
5 22 629
21 16 571
1 6 586
13 0 649
29 4 779
29 10 246
9 15 158
17 29 194
14 4 210
2 5 68
29 2 456
18 5 81
29 1 588
23 2 439
21 17 844
24 5 919
