"N_NODES: 7;" "N_TXS: 200;" "AMOUNT_MIN: 1;" "AMOUNT_MAX: 100;" "AMOUNT_AVG: 47.09;"
node1 node2 amount
1 0 26
4 1 46
2 5 44
3 6 70
1 0 47
3 0 76
2 0 59
5 0 37
1 2 44
5 3 52
4 6 95
4 3 68
4 0 10
4 0 33
1 3 17
6 4 12
6 0 52
6 3 26
1 4 50
0 6 79
0 1 61
4 3 27
6 1 30
6 1 64
1 5 36
2 3 64
2 3 38
3 5 29
3 2 47
6 5 21
6 3 24
2 4 24
2 6 70
4 5 83
4 0 35
2 0 34
0 3 76
2 3 68
2 1 10
0 1 98
0 3 46
2 6 23
1 5 36
6 5 65
5 2 21
1 0 17
5 4 31
3 1 70
0 6 95
2 4 40
4 5 57
0 6 61
5 4 17
5 3 81
3 2 83
4 0 22
4 5 92
2 4 3
4 0 38
0 3 17
6 5 34
5 1 25
6 4 65
6 1 35
1 5 26
6 0 47
1 3 84
6 2 100
4 2 55
5 4 10
1 0 16
1 2 26
3 4 64
2 1 33
6 1 86
5 3 92
3 6 37
2 5 16
4 2 81
5 3 33
6 4 5
6 0 3
2 0 22
4 0 47
3 4 25
4 3 70
0 6 33
5 6 23
3 5 2
0 5 74
4 6 1
2 4 76
2 0 26
1 2 5
0 3 48
2 3 59
4 0 3
1 0 39
3 5 68
2 1 16
0 4 100
4 6 98
4 1 39
2 4 22
5 6 28
5 2 33
6 5 58
4 1 97
0 3 96
4 6 65
2 1 90
6 0 13
2 1 28
2 1 43
1 6 30
6 5 57
4 2 76
2 3 94
1 5 92
0 4 66
2 6 57
1 0 63
0 6 97
6 4 37
2 1 79
5 2 92
3 1 51
4 6 80
6 1 73
3 2 41
3 0 65
6 0 18
3 4 46
3 4 26
4 6 15
1 2 52
3 2 43
1 3 8
6 3 14
1 6 45
4 1 73
1 0 49
4 0 9
1 4 62
2 1 82
1 6 39
0 4 84
0 6 27
0 1 18
5 0 14
2 1 71
1 4 21
6 4 76
1 0 88
4 2 86
1 4 66
2 3 58
2 1 23
6 4 30
4 1 40
6 5 21
5 4 21
4 6 68
2 6 87
2 4 92
4 1 23
4 6 7
6 4 20
5 3 96
1 4 1
1 3 74
1 5 14
0 1 62
0 3 92
0 4 26
6 2 36
6 0 80
4 2 20
4 3 45
6 5 76
2 5 41
5 1 21
6 4 75
2 1 24
5 4 68
6 2 41
2 1 12
5 6 12
3 6 85
5 0 55
0 3 4
1 6 57
2 3 82
3 5 7
4 1 36
2 3 57
4 1 53
5 4 26
3 0 40
5 6 11
