"N_NODES: 6;" "N_TXS: 150;" "AMOUNT_MIN: 1;" "AMOUNT_MAX: 100;" "AMOUNT_AVG: 53;"
node1 node2 amount
1 2 21
3 4 26
5 0 100
3 2 29
3 1 76
4 5 81
4 0 32
1 5 39
5 4 89
3 0 40
5 2 20
3 2 30
1 0 87
5 2 13
1 2 83
0 2 48
2 5 53
4 3 48
2 3 1
0 4 9
2 0 49
5 3 79
5 0 61
4 5 22
1 4 17
2 0 95
1 4 10
1 3 1
1 2 85
4 0 83
5 2 54
0 2 40
5 3 63
4 1 75
4 3 43
4 1 72
1 5 90
5 4 81
2 0 17
2 5 45
5 4 95
4 5 62
4 2 80
1 3 97
2 0 60
5 2 65
1 5 46
0 4 31
1 5 21
3 5 4
0 3 83
5 4 67
3 2 99
5 3 16
3 2 28
0 5 45
0 1 46
5 2 71
5 0 47
0 1 51
3 1 72
1 4 28
4 3 29
5 4 4
1 4 80
2 5 16
2 3 14
1 2 48
4 2 66
2 4 95
5 2 41
1 2 68
1 5 58
4 2 6
1 4 53
3 4 49
2 4 96
0 1 74
1 4 44
0 3 75
2 5 46
4 5 32
5 0 81
1 4 88
0 1 100
1 5 62
0 3 14
5 1 87
0 2 64
5 3 94
4 3 91
5 2 27
0 3 76
3 2 95
0 5 93
5 4 74
5 1 16
2 3 50
0 1 37
5 4 49
4 2 15
4 3 31
2 3 85
3 2 52
5 4 88
1 0 66
1 3 70
1 0 30
4 5 93
2 4 19
5 3 58
3 0 67
0 4 58
0 3 24
4 5 82
3 2 80
5 0 100
3 4 62
1 2 7
5 3 24
5 4 32
5 2 43
3 1 41
4 5 49
1 2 83
1 5 48
3 1 46
2 5 88
0 2 83
5 3 93
0 5 2
3 4 20
1 3 50
4 2 51
5 4 71
2 4 32
0 4 47
5 3 80
1 3 55
1 5 6
4 0 61
2 1 27
5 1 59
3 4 54
1 2 44
2 1 73
3 4 69
0 4 64
1 5 19
2 4 71
