"N_NODES: 8;" "N_TXS: 200;" "AMOUNT_MIN: 1;" "AMOUNT_MAX: 100;" "AMOUNT_AVG: 45.91;"
node1 node2 amount
4 0 26
2 4 79
1 3 91
2 4 34
4 5 1
4 7 70
6 4 14
7 1 41
0 3 55
1 6 27
5 4 55
0 5 34
6 3 86
2 1 25
7 2 82
1 6 89
7 5 29
1 0 30
4 0 27
0 7 57
7 2 87
2 5 5
3 6 72
3 0 6
0 7 21
1 2 37
1 2 84
5 6 83
1 6 86
2 6 70
0 4 39
0 2 99
5 2 32
6 3 56
5 3 35
3 2 50
2 1 66
2 1 95
0 3 44
2 1 88
7 3 80
7 0 90
0 7 96
7 6 30
5 1 66
4 1 77
3 7 39
1 6 10
7 0 36
1 5 78
0 7 51
0 2 24
1 7 55
1 3 33
6 7 8
0 4 64
6 0 62
4 1 26
4 6 16
4 7 19
3 1 1
5 7 75
2 0 4
4 1 90
5 0 1
1 2 33
2 7 74
2 3 22
0 5 12
6 7 18
3 6 50
0 2 6
5 1 75
3 6 8
3 2 37
0 2 91
5 3 3
0 4 8
3 2 17
1 3 13
6 7 54
1 5 14
3 1 2
2 4 20
0 3 77
0 2 9
0 1 85
2 3 61
6 4 30
2 3 79
6 5 8
3 1 41
3 6 23
1 5 36
1 3 19
0 1 99
0 6 85
3 2 89
0 5 57
1 6 75
2 1 64
0 1 90
3 0 72
7 5 48
6 7 10
1 4 84
7 5 22
1 7 86
5 1 94
2 3 33
2 7 93
5 0 34
4 1 43
7 6 38
2 5 24
0 6 3
5 6 45
5 4 51
0 5 1
2 1 49
3 2 69
2 1 27
0 2 33
4 7 61
3 7 7
3 7 30
0 6 35
5 6 27
2 6 40
5 4 34
6 4 19
1 0 59
4 0 15
2 1 4
1 5 77
5 4 62
0 3 33
4 2 8
1 2 98
4 1 21
4 6 73
2 0 82
4 0 44
1 7 65
5 7 7
5 0 48
3 5 59
2 6 21
4 6 41
1 7 11
5 0 34
4 7 58
0 4 5
0 7 69
0 2 71
3 5 52
5 1 21
6 0 13
2 5 97
7 4 5
5 3 17
7 2 25
2 5 72
4 5 48
4 7 84
2 3 65
7 2 50
1 0 75
3 2 38
1 3 91
2 0 86
6 2 18
0 5 65
5 4 92
7 6 31
1 4 19
7 1 5
2 3 2
4 1 27
2 7 37
0 2 11
6 3 25
0 2 29
3 5 53
4 1 37
1 2 22
1 2 40
3 7 90
1 5 63
4 1 78
2 0 77
1 5 73
5 0 96
6 4 1
3 7 28
1 0 23
1 3 65
1 0 45
1 0 38
7 1 54
