"N_NODES: 4;" "N_TXS: 100;" "AMOUNT_MIN: 1;" "AMOUNT_MAX: 100;" "AMOUNT_AVG: 51;"
node1 node2 amount
3 2 95
3 1 50
2 1 99
1 2 17
0 1 94
1 2 14
0 3 71
0 3 36
3 2 75
1 2 66
0 3 38
1 2 80
0 1 63
1 2 18
1 3 80
2 1 48
1 3 85
3 0 28
0 3 12
3 2 96
3 0 47
3 1 89
1 0 61
3 1 27
1 2 89
1 3 15
2 3 44
2 3 71
1 3 58
2 3 83
2 3 52
1 2 11
3 2 20
1 2 41
0 1 52
1 3 97
3 1 19
2 3 51
2 1 41
1 2 47
2 3 41
0 1 80
0 1 81
1 3 11
0 1 84
3 0 8
1 3 80
2 1 22
3 2 10
2 3 13
1 0 40
1 2 25
2 1 39
0 1 75
0 1 15
2 1 66
2 1 59
3 1 52
0 2 78
2 1 12
2 3 13
0 3 56
3 1 87
0 3 44
2 0 39
3 0 38
0 2 47
3 2 85
3 2 76
3 2 89
2 1 22
1 0 22
1 0 82
0 2 65
1 0 50
1 0 91
0 1 68
1 3 99
0 2 39
0 1 9
1 0 17
2 0 60
3 2 38
2 0 69
3 1 50
3 0 88
2 0 80
0 3 21
0 2 27
3 2 7
1 0 99
1 3 81
2 3 53
0 2 29
2 1 43
0 2 82
1 3 70
0 2 47
2 3 17
0 3 18
