"N_NODES: 7;" "N_TXS: 200;" "AMOUNT_MIN: 1;" "AMOUNT_MAX: 100;" "AMOUNT_AVG: 46.67;"
node1 node2 amount
4 0 20
5 2 84
0 4 35
3 1 37
0 2 83
0 5 59
6 2 93
4 3 54
5 4 80
0 1 95
1 4 15
2 1 73
5 3 12
5 1 35
2 6 25
3 0 13
4 1 42
6 0 56
1 4 52
6 3 32
3 5 80
5 3 69
3 4 68
6 2 51
1 6 45
4 0 10
5 3 20
2 4 69
5 1 65
4 6 35
4 6 22
3 6 9
1 0 39
0 1 66
0 6 27
3 1 15
6 4 89
4 6 30
4 0 11
1 6 54
1 3 50
3 2 84
5 0 3
4 0 61
2 5 51
4 5 31
0 3 25
1 5 32
2 5 9
4 0 10
6 5 44
4 6 65
6 0 69
3 1 34
1 3 87
2 1 17
6 4 67
0 5 1
3 5 98
4 0 48
1 3 84
5 3 95
0 4 77
1 4 28
3 0 28
0 2 30
0 3 95
3 2 44
0 4 49
5 2 63
4 0 23
5 2 2
3 5 65
2 3 7
5 6 47
6 1 27
2 4 71
4 5 42
4 5 3
5 6 4
4 0 78
1 2 70
5 3 90
0 1 95
3 2 82
1 4 63
6 1 30
0 4 87
4 5 1
5 0 68
1 0 60
0 4 73
5 3 5
6 4 59
0 4 27
2 5 14
1 2 65
5 6 51
3 6 90
2 6 35
4 5 52
4 5 16
5 6 13
2 5 54
4 0 55
4 3 39
4 5 48
6 0 97
4 2 99
2 0 55
6 2 19
3 1 63
6 5 9
3 0 89
1 6 25
6 2 92
6 1 36
6 4 37
5 2 98
6 0 18
4 5 55
3 5 37
2 1 14
3 1 1
3 5 15
4 1 14
3 2 32
6 1 94
0 2 25
4 5 51
0 4 59
0 4 88
0 2 65
4 5 96
2 4 9
3 6 83
0 2 15
6 5 64
6 4 21
5 0 70
6 0 86
5 3 80
6 0 4
1 3 99
5 2 7
4 6 96
2 0 32
0 1 36
1 4 34
6 0 48
1 5 18
0 2 64
0 2 23
5 0 2
2 5 86
5 4 14
6 2 27
3 2 79
0 4 25
0 6 59
1 3 80
2 3 95
5 3 75
3 5 7
1 3 5
5 0 46
4 6 42
1 6 28
5 1 30
4 2 50
6 1 93
2 0 25
0 5 21
0 2 58
5 6 24
1 4 30
3 0 13
0 2 28
1 4 3
0 2 22
4 2 9
4 6 31
5 4 52
2 6 65
0 5 50
3 6 55
2 0 19
3 5 72
4 5 75
5 4 32
4 1 36
6 3 77
3 0 77
5 3 76
5 4 10
2 5 51
1 6 22
2 0 15
5 1 85
4 6 27
