"N_NODES: 4;" "N_TXS: 100;" "AMOUNT_MIN: 1;" "AMOUNT_MAX: 100;" "AMOUNT_AVG: 49;"
node1 node2 amount
2 3 26
2 3 81
0 1 53
0 3 74
0 1 27
2 3 77
0 3 18
0 3 87
1 3 41
2 1 2
2 3 62
0 1 77
1 2 3
3 1 3
2 1 84
3 1 60
3 0 34
0 2 85
2 3 29
2 1 92
2 0 72
1 0 56
2 0 14
0 3 16
2 0 65
1 3 74
0 3 9
2 0 87
3 1 95
2 3 98
1 2 4
0 2 76
1 0 22
3 2 12
2 3 55
0 1 47
2 3 28
3 0 28
3 1 72
2 0 49
0 1 34
3 1 18
1 3 28
2 1 14
2 1 1
3 0 71
1 0 66
3 2 88
0 1 26
2 1 61
3 1 32
3 0 25
3 2 36
2 0 46
3 0 41
3 2 68
3 0 94
1 2 18
1 0 82
1 0 4
1 0 23
0 3 56
0 3 26
3 0 65
3 0 79
2 3 68
0 1 49
0 2 40
1 3 1
0 1 27
1 0 95
0 3 72
0 1 87
1 0 84
2 3 75
1 3 29
2 0 32
3 2 33
2 3 67
0 3 99
0 2 32
2 1 23
0 1 19
1 2 15
3 1 3
0 1 91
0 3 94
1 0 41
2 0 93
0 3 6
0 3 66
2 3 93
2 3 4
1 3 25
2 1 70
3 0 91
1 0 60
2 1 47
1 3 39
2 1 83
