"N_NODES: 7;" "N_TXS: 200;" "AMOUNT_MIN: 1;" "AMOUNT_MAX: 100;" "AMOUNT_AVG: 49.495;"
node1 node2 amount
2 0 35
3 6 28
6 4 63
5 3 97
0 6 17
5 4 9
2 4 11
2 5 45
0 2 2
5 4 69
5 3 43
1 4 98
5 1 82
4 0 10
2 4 8
5 2 84
6 3 41
1 0 17
0 6 91
4 3 35
0 1 62
0 2 100
0 5 58
4 2 8
0 6 39
3 0 64
6 3 1
5 3 59
4 0 65
6 1 20
1 4 15
3 0 58
0 5 76
1 3 6
5 1 23
6 2 72
3 0 89
1 6 9
2 4 23
0 6 43
1 5 14
1 0 44
1 5 30
2 4 20
1 2 72
0 3 6
4 1 36
0 1 81
1 6 52
4 2 35
5 3 54
2 4 36
1 3 24
0 6 11
0 4 68
4 3 51
6 3 73
3 6 30
4 2 15
2 1 73
3 6 17
2 0 24
1 6 17
4 1 82
6 5 11
3 6 74
0 2 17
1 3 92
2 0 12
2 1 79
6 4 14
5 4 50
5 4 70
2 0 8
1 4 78
0 4 74
0 4 33
6 4 70
0 6 9
6 5 89
2 3 18
1 5 91
0 3 70
0 2 81
6 3 68
5 4 52
2 6 56
1 0 32
0 6 49
3 5 3
0 3 75
6 3 82
5 3 98
0 5 95
1 4 87
4 5 21
6 0 54
2 6 71
5 3 48
6 5 31
6 1 64
0 1 31
4 0 24
2 4 87
5 3 38
4 1 89
2 3 24
3 2 68
4 1 23
5 1 72
6 2 17
3 0 58
1 2 6
2 3 91
2 4 6
4 0 93
0 5 24
3 6 98
0 5 10
1 3 81
4 1 57
5 1 74
5 1 48
5 4 52
4 2 72
1 4 7
4 2 57
2 4 55
2 6 26
4 5 43
1 3 86
6 3 93
6 0 3
3 4 6
3 1 97
3 4 54
6 1 21
2 3 73
6 1 74
2 0 83
5 2 8
2 4 62
0 3 13
1 4 82
4 1 20
4 6 77
2 5 12
6 3 86
0 5 95
1 4 92
2 5 39
6 5 18
2 4 84
0 6 24
6 5 94
6 1 79
4 5 100
2 4 22
6 2 54
2 5 82
4 6 18
1 5 39
0 5 61
4 2 100
4 1 48
4 3 74
3 5 67
0 1 99
6 2 6
4 2 39
2 0 14
5 3 47
3 1 20
5 2 61
1 0 23
4 6 8
4 5 57
3 1 47
5 3 28
1 6 1
0 2 65
0 4 9
5 2 83
5 2 6
5 1 72
3 1 94
3 0 72
1 0 33
1 5 56
3 4 1
0 2 56
3 2 40
4 2 12
6 1 86
0 4 52
2 0 83
6 1 74
4 2 80
3 0 54
2 3 84
