"N_NODES: 8;" "N_TXS: 200;" "AMOUNT_MIN: 1;" "AMOUNT_MAX: 100;" "AMOUNT_AVG: 48.85;"
node1 node2 amount
4 6 41
5 2 40
5 1 17
7 2 38
5 0 81
5 7 81
7 3 35
6 1 26
2 3 9
3 2 24
5 4 72
7 3 4
2 3 81
7 2 87
4 7 45
3 1 50
6 1 36
3 6 6
2 7 3
1 6 53
2 4 21
7 5 72
7 5 53
7 5 81
7 5 39
0 2 87
6 0 31
1 3 44
6 4 31
0 4 8
3 7 66
5 0 44
3 7 46
6 4 30
2 6 37
3 5 69
4 7 38
5 6 23
0 6 29
5 4 16
7 3 63
3 2 13
1 5 78
2 5 97
1 0 4
0 6 16
5 3 51
1 2 43
3 4 77
0 3 10
3 4 22
7 2 15
1 7 31
4 5 20
5 2 92
1 0 62
6 1 46
3 2 83
5 1 20
0 4 4
1 2 69
0 5 87
0 3 86
7 0 16
6 2 87
0 2 96
4 6 41
2 1 44
4 3 72
2 6 50
5 2 85
2 3 59
0 1 94
7 3 4
4 3 18
4 2 55
7 5 5
1 7 30
2 7 41
3 2 43
6 1 89
0 7 72
6 2 37
6 3 31
0 1 25
3 0 64
0 4 92
7 5 27
3 5 40
6 3 32
5 6 53
2 4 46
1 2 75
0 3 92
5 1 68
2 4 51
7 3 60
6 1 91
0 7 24
2 7 59
0 2 23
0 7 78
6 1 68
5 3 73
0 1 66
3 6 44
4 0 3
1 5 32
4 7 10
5 0 49
1 5 25
4 0 76
6 1 77
7 3 14
1 7 18
7 6 90
2 1 51
4 2 67
0 6 19
1 5 72
1 2 62
6 3 50
1 3 41
2 6 25
0 7 50
5 6 44
1 2 12
0 2 46
0 5 97
2 5 38
1 4 85
2 7 3
6 1 79
5 7 37
6 2 22
6 1 4
6 2 42
5 7 25
6 4 51
0 6 1
4 0 49
1 3 10
6 7 15
3 6 53
7 2 77
2 1 37
1 7 84
7 5 44
2 1 39
5 2 42
5 0 72
6 5 78
0 7 43
7 0 27
4 5 96
2 7 46
4 7 17
4 1 79
1 6 26
3 5 19
2 5 82
5 2 2
1 4 41
7 6 88
7 0 69
0 2 94
4 3 78
0 4 62
5 6 99
3 0 41
0 5 37
2 6 89
6 7 43
0 6 87
4 6 72
0 7 16
5 1 83
1 0 68
7 5 7
4 1 28
3 7 41
7 5 46
1 3 2
7 1 99
4 6 79
1 5 69
4 6 28
7 2 11
3 2 84
7 2 23
1 6 77
5 0 69
7 6 68
1 7 81
4 2 35
7 4 65
2 5 85
6 4 67
0 1 29
2 6 53
