"N_NODES: 4;" "N_TXS: 100;" "AMOUNT_MIN: 1;" "AMOUNT_MAX: 100;" "AMOUNT_AVG: 47;"
node1 node2 amount
0 1 1
0 2 36
0 2 99
3 0 39
0 2 14
2 0 50
0 1 52
0 1 59
0 3 58
2 0 38
0 3 66
3 2 79
3 1 58
0 1 70
0 2 100
3 1 1
0 2 45
3 2 18
0 3 6
0 2 10
2 0 5
3 2 27
2 3 64
0 3 55
3 1 57
1 0 36
2 1 44
3 0 8
2 3 21
3 0 26
2 0 97
3 1 94
1 2 31
3 1 67
2 3 94
1 3 13
2 3 92
0 2 35
3 2 82
0 1 29
2 3 48
1 0 54
1 3 17
2 0 75
3 0 78
1 0 69
3 2 21
3 2 6
3 0 48
3 2 96
0 1 20
0 1 25
0 2 29
3 2 71
0 2 33
0 3 13
1 3 11
1 3 79
3 2 37
2 3 33
1 2 44
2 3 52
1 3 73
2 1 43
3 2 98
2 0 20
2 3 72
0 2 83
0 3 42
1 0 40
2 0 36
1 2 48
3 2 6
3 2 14
0 1 13
2 3 16
3 2 5
2 3 32
2 3 12
1 0 84
2 1 87
0 1 59
1 3 69
0 3 41
0 3 81
2 0 52
0 3 42
3 2 77
3 2 80
3 0 95
3 1 13
1 0 50
2 3 63
0 3 77
2 3 52
2 1 15
2 0 79
3 1 38
2 1 81
2 1 53
