"N_NODES: 7;" "N_TXS: 200;" "AMOUNT_MIN: 1;" "AMOUNT_MAX: 100;" "AMOUNT_AVG: 50.385;"
node1 node2 amount
5 3 78
6 5 97
2 4 91
5 4 20
2 4 55
1 3 7
5 4 45
6 3 91
0 5 62
0 4 28
1 6 70
6 5 35
5 1 54
3 5 21
4 2 78
4 0 94
6 2 4
6 3 17
1 4 33
5 4 23
0 3 57
4 1 74
5 3 91
2 0 39
1 0 58
3 4 48
2 4 41
3 0 70
6 4 48
1 2 42
5 1 8
1 5 67
2 6 28
5 1 67
1 6 99
4 0 35
3 5 60
3 6 60
4 5 65
6 4 7
2 4 68
1 5 85
4 5 55
0 4 93
3 2 32
6 0 68
4 0 61
6 4 91
2 1 68
0 4 85
0 5 29
4 2 24
6 5 67
2 1 9
2 3 41
2 1 62
6 2 99
4 3 15
3 2 65
4 6 54
2 1 50
0 1 2
3 5 51
5 0 81
1 5 69
5 2 26
4 5 23
0 4 37
3 1 24
4 1 50
5 4 14
4 6 96
5 2 77
0 3 53
5 0 19
2 5 11
6 0 2
1 5 65
5 0 43
0 5 59
2 3 17
6 1 9
0 4 43
1 0 16
5 1 78
3 1 36
0 1 92
3 4 14
5 3 93
1 4 31
1 5 48
1 0 94
0 2 100
4 1 99
1 0 89
3 0 100
1 0 19
0 5 30
4 5 30
6 5 43
5 0 90
2 6 72
5 2 34
2 4 73
3 4 17
5 3 57
2 1 36
2 5 3
4 0 59
6 0 14
5 3 92
1 6 89
3 6 10
6 1 40
2 3 39
6 2 69
0 5 6
2 3 17
5 1 6
5 6 100
3 2 46
1 5 61
0 4 59
3 4 46
0 3 94
5 2 88
1 0 7
6 3 69
6 2 47
0 2 57
0 2 46
6 0 68
2 5 65
5 4 2
2 0 13
0 6 26
6 5 25
2 6 14
2 5 77
0 4 45
4 5 68
6 4 3
5 0 60
4 2 66
2 3 24
1 2 57
0 4 73
0 2 10
1 5 87
0 2 14
2 0 12
4 5 85
6 0 93
5 1 19
4 2 78
0 3 35
4 6 17
6 3 13
4 2 62
0 6 92
3 6 39
1 6 4
1 4 35
0 1 51
1 2 67
1 6 16
3 6 23
3 4 27
6 5 76
6 5 71
1 6 53
1 3 93
2 6 99
4 6 88
2 1 76
1 3 79
2 5 75
5 1 29
4 3 14
1 0 9
3 5 12
2 3 54
4 3 67
6 0 93
2 4 44
6 5 80
0 2 46
1 3 20
0 3 2
1 2 58
3 4 95
0 3 20
1 4 100
1 6 75
6 4 16
6 5 39
5 4 56
4 1 20
2 0 49
4 0 90
