"N_NODES: 7;" "N_TXS: 200;" "AMOUNT_MIN: 1;" "AMOUNT_MAX: 100;" "AMOUNT_AVG: 50.09;"
node1 node2 amount
6 1 9
0 6 36
6 5 32
1 4 75
1 2 20
5 3 87
1 4 61
3 0 74
5 1 24
0 3 91
0 5 30
0 6 89
6 4 85
2 4 97
3 1 60
0 3 1
1 0 89
6 2 30
3 2 16
3 1 58
3 0 91
5 1 52
3 1 14
6 5 41
5 2 96
6 5 74
5 3 80
1 6 3
3 5 18
1 2 45
5 2 67
1 4 25
3 5 48
0 1 9
4 2 98
5 2 75
2 0 60
0 5 14
5 0 44
2 5 78
1 3 35
0 1 24
0 6 77
6 3 83
2 5 1
2 0 24
2 4 62
4 2 23
2 6 30
0 6 17
3 5 30
0 6 79
2 5 53
4 3 86
3 0 47
2 3 63
5 0 59
0 1 5
0 3 19
1 5 94
6 2 69
6 5 20
2 0 10
4 2 91
1 6 37
1 2 71
4 0 37
3 5 41
2 6 26
0 2 60
2 3 3
4 3 31
5 3 85
2 5 55
1 6 6
5 1 98
6 5 9
6 0 45
3 2 40
4 1 21
3 5 70
2 4 99
5 6 69
6 2 18
4 3 88
6 0 97
6 1 86
5 4 26
0 5 33
5 2 35
1 5 52
4 5 3
1 0 17
3 2 59
6 3 27
3 4 23
6 1 65
3 5 74
4 6 83
0 5 47
6 0 18
1 3 67
0 3 20
5 2 52
3 1 75
1 5 40
0 2 80
3 5 38
2 1 66
1 2 68
6 4 76
0 2 44
5 0 43
6 5 41
3 5 90
3 4 45
4 1 7
4 3 7
1 2 9
0 5 70
4 5 53
0 2 74
4 0 69
4 6 71
0 2 92
4 0 58
5 0 68
4 1 3
0 4 22
6 0 82
4 5 78
1 3 23
5 3 20
4 1 73
4 0 11
5 0 60
2 4 13
4 5 12
4 2 6
4 2 16
2 5 47
0 6 24
0 6 69
5 2 24
5 2 96
1 0 65
4 1 79
5 3 60
4 0 68
6 3 62
3 0 92
3 5 93
0 5 2
4 6 92
5 6 36
0 3 2
0 3 17
1 4 32
5 3 55
0 2 72
1 5 77
6 2 35
5 4 10
2 4 76
1 0 50
4 5 43
6 0 90
0 4 70
0 2 31
3 4 92
3 5 15
0 3 10
4 2 30
4 1 11
2 0 65
1 3 88
6 0 84
0 5 4
5 3 85
2 6 75
5 1 93
1 4 39
6 4 93
0 2 12
4 3 16
5 2 91
6 3 93
4 0 53
4 0 82
4 2 43
1 2 45
4 0 62
1 4 63
4 2 31
5 1 20
2 1 34
4 6 60
3 2 79
0 4 51
2 3 37
