"N_NODES: 7;" "N_TXS: 200;" "AMOUNT_MIN: 1;" "AMOUNT_MAX: 100;" "AMOUNT_AVG: 51.415;"
node1 node2 amount
1 0 62
2 6 79
4 3 56
2 1 70
3 2 91
1 0 14
5 2 78
5 6 82
2 1 22
1 4 45
6 5 71
5 2 30
1 3 69
6 2 61
6 0 81
6 4 60
2 4 77
0 6 90
4 1 73
2 4 31
5 0 13
3 4 57
2 5 73
1 3 13
3 2 61
0 3 100
4 5 67
2 1 39
5 0 1
6 1 2
2 6 3
6 0 69
1 5 82
5 6 4
6 4 76
2 1 60
4 3 13
3 5 6
2 3 92
1 0 9
6 1 42
5 3 66
3 2 96
1 4 9
0 6 82
4 1 56
3 4 25
6 5 26
4 0 92
1 3 15
1 0 24
4 0 46
0 5 65
5 4 57
5 2 48
2 5 23
2 0 97
4 5 9
4 5 11
1 2 99
1 5 68
2 4 46
3 4 17
3 0 78
0 1 49
5 0 85
6 0 34
2 3 45
0 5 29
4 3 48
2 5 30
0 2 15
3 6 21
4 5 64
6 0 100
2 6 61
6 4 17
4 6 85
0 5 37
2 5 88
0 4 37
6 0 27
5 4 33
0 6 29
2 1 75
0 2 87
4 2 44
0 2 25
4 3 72
3 2 8
6 0 2
4 3 42
2 4 66
1 5 59
1 0 34
0 5 88
2 1 20
2 6 18
3 4 51
5 0 71
6 5 23
6 2 99
0 3 18
6 5 28
4 1 1
1 2 11
1 5 76
2 4 10
5 0 24
1 4 24
5 6 39
3 5 90
2 1 93
5 3 71
6 4 75
2 5 70
3 6 86
0 6 96
4 3 12
5 1 76
4 2 80
2 1 72
5 4 30
4 1 47
4 6 71
1 3 49
2 4 26
6 5 58
4 5 66
1 2 88
3 5 11
5 3 34
0 6 5
3 4 81
2 0 25
5 1 10
4 2 97
1 4 4
0 6 8
2 0 38
4 5 51
2 1 43
6 5 32
1 6 72
2 0 53
0 3 98
4 2 77
5 1 70
1 4 66
0 4 11
2 0 44
1 0 93
0 6 47
0 6 70
4 2 55
3 2 9
3 2 71
3 5 65
2 6 38
4 0 84
6 3 89
4 6 70
4 3 32
0 3 75
3 2 64
5 6 50
4 5 52
4 3 31
1 0 93
6 5 47
5 6 21
2 6 10
3 2 97
6 3 38
5 0 31
2 4 37
5 3 52
0 4 39
1 0 12
3 4 70
3 1 92
4 5 99
2 6 49
6 4 20
4 1 56
1 3 44
3 0 80
3 1 80
6 5 99
0 5 2
5 3 79
4 1 49
3 0 46
4 6 65
6 2 100
5 1 66
6 0 64
0 5 52
5 0 46
6 2 39
