"N_NODES: 7;" "N_TXS: 200;" "AMOUNT_MIN: 1;" "AMOUNT_MAX: 100;" "AMOUNT_AVG: 51.395;"
node1 node2 amount
1 4 41
1 4 24
6 5 76
2 4 16
5 2 47
4 0 44
4 0 41
4 5 85
3 4 6
6 0 11
3 2 86
6 5 95
5 2 44
3 0 69
2 0 14
5 2 76
3 4 93
1 0 82
2 4 71
1 3 19
5 2 83
1 4 92
4 5 68
6 5 3
4 6 39
4 3 25
3 6 39
4 1 71
4 5 47
4 1 9
5 0 17
5 3 50
4 6 34
5 1 22
5 3 18
5 0 9
5 0 100
3 0 8
5 3 66
6 1 49
0 2 78
6 0 97
3 6 36
5 1 83
5 0 72
6 2 41
1 4 21
2 3 52
0 4 12
3 6 76
1 2 44
0 2 86
1 4 12
5 0 63
4 5 7
3 1 44
1 3 96
0 3 92
1 2 2
3 0 76
6 4 52
6 1 84
3 4 26
6 2 71
2 4 91
4 0 23
1 2 42
4 0 33
6 4 78
2 0 14
5 0 6
2 3 77
1 4 99
0 4 99
0 4 64
2 4 73
6 5 63
2 4 84
2 5 24
0 6 13
6 1 18
2 6 79
3 0 52
5 3 45
4 5 52
6 2 26
1 2 48
1 6 71
3 5 67
0 1 100
4 6 50
4 2 89
3 4 18
4 0 39
6 1 74
0 4 73
5 4 20
6 4 22
5 4 70
6 0 68
5 6 66
5 2 39
2 1 93
2 0 45
3 0 6
4 0 31
4 5 27
0 1 81
3 5 88
2 4 97
2 0 74
5 6 91
0 6 99
5 1 76
5 4 46
2 0 59
5 2 47
2 1 82
0 2 54
6 2 89
4 3 75
3 0 76
3 5 18
0 6 46
2 0 55
6 1 89
3 5 48
2 3 41
6 5 80
3 1 63
2 5 11
5 3 81
3 1 35
0 2 25
5 0 52
4 5 44
6 3 56
3 5 61
0 4 58
5 4 78
4 6 35
2 6 100
3 4 27
5 1 88
1 3 15
0 6 50
5 6 54
3 5 15
6 0 35
1 2 59
0 6 70
3 0 10
0 3 11
3 5 86
3 0 60
3 1 58
4 1 30
6 3 93
0 5 69
6 3 53
0 3 95
6 0 28
6 1 17
5 4 23
3 5 21
3 6 39
4 5 42
6 0 5
1 3 25
2 1 1
5 4 35
5 2 56
3 2 80
1 2 49
2 3 47
3 0 78
4 5 8
0 6 39
3 4 39
4 6 49
2 6 63
0 3 34
3 2 80
6 1 13
0 4 70
2 3 25
5 0 10
0 2 31
3 6 48
6 0 75
5 0 39
0 5 20
1 2 14
0 2 13
5 3 45
6 0 65
3 6 44
4 2 83
6 3 74
2 3 81
