"N_NODES: 7;" "N_TXS: 200;" "AMOUNT_MIN: 1;" "AMOUNT_MAX: 100;" "AMOUNT_AVG: 51.21;"
node1 node2 amount
3 2 80
3 4 84
2 0 60
3 2 26
1 4 66
3 2 43
0 1 26
6 5 13
6 0 55
1 6 55
4 0 81
2 3 8
0 6 87
6 0 89
2 6 95
4 6 64
2 0 97
5 2 74
2 5 37
5 3 12
3 4 2
5 1 57
4 5 2
2 0 62
4 0 73
4 6 8
4 1 60
6 5 44
3 6 9
1 6 79
3 6 11
2 5 71
1 3 11
4 0 75
5 2 79
5 0 85
3 2 55
6 3 4
2 5 34
1 0 71
3 6 80
5 2 25
5 1 40
5 6 9
6 3 20
5 3 81
0 3 8
5 4 79
4 2 61
3 1 42
2 4 49
2 6 93
0 3 31
2 5 80
0 1 90
2 0 13
4 3 46
3 5 35
4 0 10
1 3 45
2 6 54
1 6 14
4 0 25
5 3 33
6 4 92
3 6 37
0 1 10
3 1 61
2 3 84
6 0 29
2 4 88
5 4 14
3 1 88
1 4 64
4 5 83
6 1 23
1 4 42
3 2 79
3 4 91
3 0 17
0 5 31
2 6 78
2 5 62
5 3 85
6 1 96
0 2 50
3 6 25
3 5 16
2 1 52
4 6 99
5 4 68
3 2 40
4 1 96
6 1 85
0 1 2
2 4 30
6 5 45
5 1 96
1 4 44
3 1 40
4 1 20
0 4 36
4 3 22
2 6 74
4 2 66
3 1 97
0 6 97
0 6 46
4 6 67
1 6 73
0 5 84
1 2 19
4 3 93
6 2 46
4 3 13
4 1 38
2 0 48
6 5 43
1 4 11
2 5 84
0 2 9
5 3 19
3 4 1
5 2 24
5 2 22
1 3 86
2 3 41
5 0 47
5 6 8
1 4 31
4 5 53
1 4 72
1 0 70
5 2 77
0 5 85
0 4 56
4 6 77
5 0 17
2 4 10
2 6 80
3 1 74
3 5 99
0 4 71
4 1 94
5 4 90
2 1 3
4 1 77
1 4 85
0 3 7
4 1 44
5 1 81
2 3 39
3 4 36
3 0 89
3 0 44
1 6 18
2 0 85
3 0 50
5 6 33
5 2 87
4 3 92
3 2 95
3 6 96
3 6 54
2 3 99
3 6 84
2 1 6
4 2 18
4 3 29
5 6 54
3 4 61
0 6 22
2 5 20
4 6 99
3 0 94
1 2 79
6 3 85
0 2 89
5 2 51
1 4 2
2 5 48
4 6 61
3 1 14
3 5 13
4 5 36
2 3 10
5 2 4
3 6 23
3 1 86
6 0 27
6 2 22
0 2 9
1 3 14
1 3 46
5 2 61
6 5 9
1 0 21
1 6 68
1 0 63
3 6 61
