"N_NODES: 6;" "N_TXS: 150;" "AMOUNT_MIN: 1;" "AMOUNT_MAX: 100;" "AMOUNT_AVG: 47;"
node1 node2 amount
2 3 3
2 5 66
0 4 87
0 1 28
5 3 4
4 5 72
2 4 52
2 1 9
1 5 52
0 4 44
2 4 50
3 4 40
1 3 89
0 4 67
2 0 1
1 3 59
5 1 51
4 2 97
2 3 4
2 5 9
3 4 31
4 5 82
0 1 43
4 0 24
5 1 71
2 5 17
4 3 31
3 2 94
5 4 25
4 5 26
0 2 64
3 0 98
4 2 46
5 2 15
4 5 37
3 0 91
5 0 53
1 3 81
0 4 61
3 0 96
0 5 2
0 4 1
1 5 91
3 2 100
0 1 27
5 0 42
0 4 65
2 5 6
3 5 50
2 5 79
4 3 52
3 4 70
1 4 83
1 4 43
2 1 22
2 3 2
2 1 72
4 2 37
2 0 3
5 4 82
0 5 65
3 0 81
2 4 92
5 1 33
1 3 92
4 1 28
0 1 50
1 3 68
3 1 18
1 3 33
0 4 42
0 5 30
2 3 15
1 3 36
5 3 55
3 0 17
5 4 52
3 0 67
1 4 13
4 5 90
4 1 8
0 1 59
5 4 6
3 0 71
0 3 30
2 0 56
1 4 64
3 1 13
1 5 84
4 2 10
2 4 71
1 4 48
1 0 57
2 1 89
3 4 81
1 5 26
2 0 1
4 3 34
0 5 10
4 0 14
3 5 31
2 1 74
5 0 46
1 4 42
0 2 26
2 0 63
5 2 86
4 2 83
4 1 25
1 0 44
0 1 55
1 0 97
0 2 12
0 1 57
0 2 71
2 5 50
3 0 39
3 4 87
0 3 69
5 4 77
2 3 45
3 5 65
5 2 67
0 4 33
3 0 88
4 1 99
2 3 34
3 2 83
1 0 61
0 5 7
5 2 16
4 2 72
0 4 12
4 2 31
2 3 56
3 0 91
5 1 23
4 1 29
0 1 27
3 4 54
3 4 6
4 2 46
3 0 66
0 5 41
5 2 23
0 4 38
3 0 6
1 0 19
3 5 42
3 2 77
