"N_NODES: 7;" "N_TXS: 200;" "AMOUNT_MIN: 1;" "AMOUNT_MAX: 100;" "AMOUNT_AVG: 50.4;"
node1 node2 amount
1 3 69
1 4 43
6 3 21
0 6 92
3 6 4
0 4 24
6 0 9
4 1 25
0 5 94
6 4 49
5 6 11
3 0 60
0 6 86
0 4 50
4 1 90
4 2 36
4 6 9
3 4 93
0 2 42
3 2 33
6 4 69
3 2 21
3 4 78
3 1 87
3 6 50
1 2 43
4 0 68
4 0 89
0 4 21
1 4 100
1 3 27
6 0 5
5 2 84
0 1 69
2 0 9
4 0 34
3 1 83
5 6 22
3 5 35
3 6 14
6 5 62
3 0 19
5 0 27
0 1 44
4 0 4
6 3 21
3 2 100
5 4 47
5 0 68
4 5 74
6 2 52
0 1 19
2 3 93
0 4 23
1 2 85
6 1 25
0 3 98
1 3 27
1 4 94
1 6 77
1 3 26
2 6 96
4 6 62
6 1 49
2 6 53
5 2 15
1 0 7
3 2 78
0 4 56
4 1 42
4 5 38
1 5 9
2 5 91
2 0 38
4 2 93
1 6 45
3 0 61
4 0 42
2 0 9
1 0 81
4 3 76
2 0 20
0 1 90
3 6 16
5 6 19
0 3 75
0 5 29
1 2 80
6 1 67
3 2 76
3 2 17
1 5 85
3 1 34
1 5 11
1 6 82
2 4 72
5 4 59
6 2 61
3 2 94
6 1 73
1 0 75
1 4 42
6 4 40
5 0 51
3 1 76
1 3 46
6 1 26
6 3 54
3 1 94
3 2 19
2 4 64
4 2 95
6 2 4
1 4 64
0 3 2
5 1 19
4 5 33
5 6 12
0 4 16
0 4 57
4 5 87
4 1 18
0 4 15
2 4 84
5 2 41
2 6 5
1 3 12
2 3 52
3 5 81
4 6 33
0 6 22
4 2 9
4 3 16
1 6 98
1 2 96
6 3 7
2 6 9
4 3 18
3 0 91
3 0 50
0 5 72
5 4 8
6 4 18
1 4 91
5 4 74
0 1 96
2 4 50
1 0 28
5 6 45
6 0 56
4 0 4
5 1 95
6 1 84
1 4 84
5 1 4
3 6 60
6 0 63
4 1 3
5 2 76
2 3 75
5 0 99
6 5 22
5 0 46
6 4 46
4 3 59
1 5 79
0 6 82
0 2 50
6 2 97
0 3 34
5 0 7
1 0 28
5 1 68
6 0 6
1 4 80
4 2 93
3 6 33
5 1 18
2 5 17
4 1 41
4 2 69
5 3 78
5 3 11
1 3 31
4 0 48
2 4 77
6 0 97
3 5 92
0 6 39
5 4 9
1 3 51
4 2 80
0 4 71
4 3 50
3 4 17
2 1 73
3 4 90
4 3 93
6 2 14
4 0 32
