"N_NODES: 4;" "N_TXS: 100;" "AMOUNT_MIN: 1;" "AMOUNT_MAX: 100;" "AMOUNT_AVG: 48;"
node1 node2 amount
0 2 45
1 3 10
3 1 99
2 0 46
2 3 17
1 3 97
2 1 6
3 2 22
0 2 40
3 1 98
1 0 58
2 3 19
2 1 11
2 1 16
2 0 93
1 0 72
0 3 69
0 3 1
1 3 13
3 0 99
2 3 55
2 1 83
3 1 41
3 0 21
0 2 53
0 1 100
1 3 1
2 1 50
0 1 99
0 2 48
3 1 95
1 2 2
0 3 22
1 0 12
1 3 49
1 3 15
2 1 10
3 2 22
3 2 49
3 2 47
1 3 7
1 0 39
0 1 24
2 1 100
3 0 61
1 2 99
0 2 89
3 2 71
3 2 58
2 1 22
0 3 20
0 2 81
3 1 6
3 2 24
2 1 96
2 0 13
1 0 79
3 1 76
1 3 46
0 1 43
0 3 19
1 0 39
0 3 75
1 3 36
3 1 59
0 2 50
1 2 48
1 2 98
1 3 33
0 3 64
2 0 32
1 3 38
3 1 69
3 1 64
3 1 17
2 1 57
0 2 11
1 2 9
2 3 31
2 3 41
1 3 90
3 1 60
3 1 54
1 2 34
1 2 26
0 1 99
1 2 68
1 2 47
2 0 62
3 1 100
2 1 14
0 3 54
2 0 35
1 0 21
1 3 77
2 3 42
1 0 89
1 3 6
0 1 4
0 1 76
