"N_NODES: 4;" "N_TXS: 100;" "AMOUNT_MIN: 1;" "AMOUNT_MAX: 100;" "AMOUNT_AVG: 49;"
node1 node2 amount
2 1 18
2 3 25
1 2 89
3 1 36
2 1 15
3 0 30
3 0 38
3 1 35
2 0 81
2 1 76
1 2 32
1 0 4
1 0 42
3 0 64
0 2 33
3 2 45
2 0 70
1 3 82
1 0 51
3 2 69
3 0 31
3 2 72
1 0 20
3 1 25
3 2 49
2 1 35
3 2 62
0 2 51
0 2 62
1 3 33
2 3 91
3 0 45
2 3 22
2 0 91
0 1 45
2 1 25
3 0 30
2 0 96
0 3 67
1 2 15
0 1 19
1 0 68
3 1 59
1 3 94
2 1 28
2 3 13
2 0 31
2 0 15
0 3 71
0 1 93
2 0 53
1 3 50
2 3 90
3 0 45
3 1 48
2 3 2
2 0 26
2 3 13
0 1 95
3 2 44
3 2 35
1 2 84
0 3 59
2 3 72
3 1 6
0 3 54
0 3 46
2 0 42
1 2 48
3 2 35
3 2 95
0 3 98
0 3 93
1 0 93
1 3 93
2 0 66
3 1 17
2 0 80
2 1 17
0 1 72
2 1 63
3 0 34
3 0 22
2 3 97
1 0 47
1 3 3
1 2 60
0 1 6
2 0 65
2 1 39
3 2 81
3 1 100
3 0 34
3 2 22
1 0 22
2 3 37
2 0 25
0 3 16
3 2 10
1 3 64
