"N_NODES: 4;" "N_TXS: 100;" "AMOUNT_MIN: 1;" "AMOUNT_MAX: 100;" "AMOUNT_AVG: 53;"
node1 node2 amount
3 1 41
2 3 97
2 0 64
2 3 98
2 3 22
2 1 86
1 2 58
1 0 15
2 0 40
3 0 5
0 2 25
2 3 90
3 0 53
2 3 65
3 1 1
0 2 83
3 1 37
0 1 60
1 3 57
3 1 86
1 3 92
1 0 17
1 3 77
0 1 84
1 3 35
3 2 51
0 2 83
3 1 82
0 3 87
2 3 96
1 3 30
1 2 64
2 0 79
2 0 60
0 2 3
0 3 70
3 1 20
3 1 59
0 3 3
1 0 18
1 0 74
2 3 22
3 1 30
0 2 17
0 1 11
0 2 68
3 2 45
2 3 37
2 3 14
0 3 40
2 3 46
3 1 27
2 3 55
3 2 65
2 0 42
1 2 98
0 2 68
1 3 68
0 1 44
2 0 2
3 1 35
1 0 90
3 2 90
1 0 83
3 1 63
1 0 99
3 0 39
1 3 46
3 0 15
2 3 18
3 1 49
2 3 92
2 0 46
0 2 30
3 0 79
1 0 72
2 1 52
3 0 64
2 1 87
2 0 82
1 3 87
0 1 19
2 1 85
1 2 86
1 0 6
2 3 8
2 1 70
3 0 4
0 3 35
1 2 44
3 1 52
1 2 49
0 1 92
0 2 27
1 3 95
3 1 77
2 1 100
3 1 50
2 3 7
1 0 43
