"N_NODES: 6;" "N_TXS: 150;" "AMOUNT_MIN: 1;" "AMOUNT_MAX: 100;" "AMOUNT_AVG: 51;"
node1 node2 amount
1 0 85
1 4 71
1 2 43
5 0 23
3 1 56
4 0 14
1 2 69
2 3 23
0 2 58
2 5 46
3 2 59
2 1 7
2 5 70
2 5 69
4 1 28
4 3 18
3 5 96
0 2 71
4 3 46
2 4 25
4 3 65
3 5 68
1 4 93
5 3 51
1 2 87
2 3 26
5 3 44
5 4 56
2 1 78
3 1 81
2 1 23
2 1 40
0 2 70
2 3 31
5 2 55
1 2 54
1 4 61
5 1 100
3 4 36
3 1 47
2 0 88
2 3 83
5 1 65
2 4 29
2 0 8
2 1 95
4 2 91
1 3 53
2 0 50
3 1 55
2 3 33
0 3 64
2 5 96
3 2 16
2 4 54
1 3 7
4 1 20
2 1 40
1 3 64
2 0 92
4 5 34
0 4 86
4 1 25
1 5 96
1 0 11
1 2 83
0 4 78
3 2 53
4 2 47
4 3 7
0 1 59
0 2 18
2 0 89
3 1 25
3 5 52
0 2 49
4 3 81
3 2 9
5 3 97
3 0 18
1 4 84
2 0 27
3 2 89
4 2 62
3 5 55
4 2 21
5 3 14
1 5 51
5 2 52
1 2 56
0 4 76
5 1 72
0 4 91
4 3 19
0 3 25
4 1 97
2 3 58
4 2 52
0 1 57
1 5 62
5 1 16
4 3 17
5 1 73
1 3 56
0 2 90
5 1 94
3 2 10
4 2 46
4 0 93
3 2 18
5 1 36
3 0 58
0 4 100
2 4 19
4 2 14
1 2 16
3 5 53
0 5 17
1 3 61
0 5 79
0 1 5
4 3 20
5 0 43
4 1 8
4 3 86
4 0 54
1 4 86
0 1 41
0 1 39
5 3 59
1 0 26
5 4 71
4 0 36
0 2 74
5 2 9
5 4 53
2 5 100
5 3 14
5 3 21
0 4 42
2 0 8
0 3 42
5 3 73
3 5 16
3 4 18
2 4 95
3 1 85
4 3 89
4 1 65
2 0 52
