"N_NODES: 6;" "N_TXS: 150;" "AMOUNT_MIN: 1;" "AMOUNT_MAX: 100;" "AMOUNT_AVG: 52;"
node1 node2 amount
5 4 30
0 2 20
1 3 3
0 3 7
3 0 82
1 2 22
3 5 63
0 5 36
5 1 50
2 4 23
0 3 19
1 0 82
3 1 54
4 3 10
3 2 85
1 0 70
1 5 52
2 1 42
5 4 9
0 4 78
5 3 68
1 2 9
0 4 95
3 4 94
4 0 58
3 2 94
0 4 13
0 1 72
2 3 71
3 1 56
1 5 14
4 5 53
5 0 25
2 5 65
2 3 97
2 5 73
2 5 34
3 4 50
1 4 40
0 4 58
2 4 58
2 3 25
2 4 55
2 3 59
0 4 30
5 3 98
2 5 39
1 3 51
5 3 17
1 3 88
2 4 58
3 2 6
5 1 45
0 3 70
3 2 99
2 3 62
0 4 13
5 4 8
3 2 32
1 2 82
4 1 53
3 0 75
4 5 20
2 5 75
2 5 93
4 1 3
1 0 15
4 2 30
5 3 84
2 1 95
0 4 93
2 5 53
5 3 70
5 4 23
1 0 80
5 2 72
3 0 74
4 1 94
4 0 57
4 1 93
5 2 80
2 0 74
3 1 15
0 4 80
2 1 37
2 5 13
1 0 85
0 5 76
4 5 64
2 0 65
2 4 32
3 0 62
0 2 8
0 1 56
0 2 69
0 4 52
2 4 62
1 2 32
1 5 57
4 1 50
1 2 24
0 5 87
3 5 83
2 0 49
0 3 95
3 1 78
5 4 35
1 0 60
2 3 64
5 1 6
0 2 32
1 2 67
0 1 14
1 5 89
5 1 23
2 5 32
2 1 50
5 1 37
2 5 40
2 5 45
5 3 79
3 0 75
1 2 96
2 1 48
2 3 65
4 5 41
4 0 33
0 3 92
0 1 48
3 4 34
2 3 11
2 3 60
0 1 4
1 2 69
5 1 93
1 3 41
3 2 30
1 3 85
1 5 24
1 5 84
1 0 58
2 4 10
2 0 40
0 1 41
0 1 66
5 3 45
2 1 96
3 5 66
0 4 95
4 3 4
