"N_NODES: 30;" "N_TXS: 1000;" "AMOUNT_MIN: 1;" "AMOUNT_MAX: 1000;" "AMOUNT_AVG: 491.7;"
node1 node2 amount
14 26 148
10 1 238
23 25 493
0 26 723
22 13 171
9 15 772
3 6 123
17 6 169
7 1 530
13 2 188
29 25 215
4 9 952
5 18 221
4 17 686
20 26 164
7 0 699
27 7 909
20 14 95
1 6 194
25 20 321
4 14 942
18 11 506
14 4 754
0 19 294
0 20 1000
17 6 956
7 3 360
26 18 669
18 11 652
14 7 215
14 29 88
25 1 828
3 15 368
18 3 78
20 11 761
7 23 99
24 21 322
17 23 42
13 21 852
24 1 824
27 8 792
18 8 227
15 8 99
12 2 365
13 28 51
13 4 838
2 29 177
9 5 555
4 26 495
7 8 74
17 21 223
20 23 730
9 22 197
23 0 726
24 9 94
27 16 798
1 24 202
29 14 580
22 9 610
28 25 661
27 17 366
16 13 680
19 28 846
9 4 180
4 20 82
21 26 789
1 13 925
6 25 838
11 2 748
18 25 478
14 18 451
18 22 527
27 13 442
12 27 992
26 16 404
14 24 278
23 8 65
28 5 559
2 27 918
3 20 832
26 18 12
17 13 729
21 8 830
12 28 284
13 26 404
5 6 914
20 1 391
25 2 629
17 6 173
7 11 188
24 4 312
0 13 201
27 10 412
4 13 54
27 26 334
16 10 211
14 20 534
2 11 293
0 15 22
0 2 832
25 14 702
27 18 471
5 27 466
29 1 9
4 10 983
21 6 212
28 3 31
16 18 696
28 8 599
22 29 749
20 22 878
7 6 556
10 22 648
20 13 151
5 19 777
6 2 85
6 4 181
14 22 184
23 13 76
17 11 465
2 19 364
26 0 163
15 24 228
5 12 668
3 15 994
17 13 148
11 3 977
21 8 951
5 20 562
13 5 18
20 21 1
17 2 911
12 11 113
8 22 91
4 24 274
18 27 187
21 0 388
1 8 559
2 4 584
22 1 996
28 26 910
21 18 638
13 20 549
28 4 416
22 27 195
24 7 597
26 8 296
25 7 587
23 4 507
28 4 423
12 16 128
26 9 236
7 27 177
26 18 343
19 22 759
13 6 119
9 20 75
6 19 111
3 2 605
12 14 182
16 8 125
0 28 627
17 23 465
3 1 463
13 4 824
15 7 158
20 26 961
14 18 987
25 17 918
17 1 423
24 11 750
12 18 205
24 3 750
1 0 552
21 7 530
1 25 193
25 29 347
1 9 574
28 22 888
4 22 670
11 23 749
6 5 694
17 14 132
1 18 545
6 26 648
27 1 50
12 11 664
29 6 120
1 10 192
12 18 86
10 1 433
23 3 507
11 27 633
4 26 947
28 9 194
16 26 429
22 16 208
12 8 991
17 25 665
22 27 706
8 14 789
0 11 658
7 29 815
9 16 918
10 4 156
3 15 393
4 25 239
2 20 608
17 9 847
17 15 365
3 20 730
0 16 869
1 8 961
28 12 294
22 23 457
6 2 627
8 13 839
10 1 260
26 12 807
21 18 18
1 27 117
27 20 226
2 17 936
25 15 504
7 4 17
13 14 96
11 23 393
18 19 163
26 23 343
15 1 911
28 19 698
20 19 76
10 2 439
12 19 631
3 20 914
26 17 475
8 20 706
11 16 914
19 12 490
6 18 218
9 24 112
2 14 399
10 11 491
11 25 168
8 3 710
23 26 266
5 20 276
27 25 926
2 11 933
27 2 421
3 12 674
21 28 933
19 7 644
24 18 898
26 0 564
6 1 250
28 21 251
9 25 468
11 3 959
19 15 111
22 9 816
20 4 145
21 19 770
8 19 741
28 19 798
0 19 203
13 18 367
3 16 230
6 13 513
6 8 757
15 21 530
28 1 415
24 20 935
4 10 513
15 9 272
29 16 42
9 5 515
15 17 739
14 6 524
14 19 576
27 28 961
5 27 396
22 24 973
28 20 262
15 3 593
22 15 39
21 10 560
23 2 336
7 26 228
18 20 665
25 15 776
8 25 523
1 15 818
26 5 144
14 24 724
23 19 559
28 20 924
27 16 823
26 2 208
11 12 721
27 17 614
19 10 358
26 23 358
8 3 745
12 5 291
5 18 108
21 10 212
1 28 508
14 9 655
0 6 884
3 7 419
23 4 680
13 15 821
23 12 163
14 13 927
29 19 275
18 19 374
27 16 439
4 25 28
29 22 896
22 5 690
6 11 889
26 18 625
18 24 805
8 13 581
21 3 470
15 26 817
17 29 703
12 1 984
10 21 550
29 11 600
7 26 711
9 5 456
11 22 343
29 16 555
19 17 410
19 29 36
16 29 337
13 18 600
16 2 658
29 12 177
11 29 637
21 28 211
18 4 80
10 22 969
20 3 854
17 7 605
17 0 439
25 21 106
18 1 36
0 14 371
24 26 941
8 21 592
13 16 486
13 15 112
10 22 830
28 5 365
19 22 836
0 7 549
14 25 612
17 18 825
28 13 938
18 15 618
4 18 265
1 16 681
4 19 902
19 22 825
8 2 124
15 20 169
20 27 496
18 11 435
7 5 444
9 21 73
8 10 662
17 29 289
8 22 495
28 18 871
0 12 511
12 8 369
23 4 712
23 1 468
2 27 273
2 6 163
18 26 947
14 21 521
26 27 313
0 5 816
22 5 519
13 11 843
8 12 692
14 24 592
25 4 16
21 3 317
8 22 549
18 10 840
8 5 879
22 2 447
28 16 262
18 21 797
25 20 691
27 21 51
24 13 617
12 25 76
1 21 424
0 28 662
17 2 964
25 29 628
15 18 141
8 9 300
14 16 615
6 16 363
12 26 603
13 21 637
19 3 116
28 11 34
0 22 454
13 4 765
19 1 188
22 5 915
8 19 768
26 25 886
14 5 312
15 10 409
25 8 582
12 19 648
17 2 653
13 20 22
22 23 881
25 10 704
0 3 629
6 2 75
20 22 78
0 1 864
4 14 571
13 21 179
19 7 658
10 4 425
18 12 79
18 3 309
27 23 467
8 23 739
29 27 75
28 14 816
6 1 821
5 0 591
22 11 676
18 23 369
6 10 285
10 9 446
13 20 494
20 21 438
1 21 673
25 10 713
18 0 422
21 7 396
19 23 368
11 14 910
3 20 141
26 22 701
1 5 608
13 7 764
21 3 486
6 4 4
25 13 234
23 24 973
11 28 923
19 6 592
23 5 611
0 5 946
14 18 892
14 20 237
15 24 990
27 29 114
6 20 44
2 14 765
11 22 36
25 9 970
1 26 950
7 20 16
3 17 86
10 19 319
9 29 249
29 10 375
10 16 158
18 8 405
22 21 453
13 12 577
28 16 132
2 4 729
19 23 22
8 24 867
27 4 218
28 29 861
11 3 948
10 0 163
7 27 55
19 7 412
28 24 788
0 27 790
4 22 615
16 24 286
23 2 195
8 19 47
3 27 777
0 20 604
3 1 615
18 27 88
26 22 176
6 12 549
29 28 196
25 18 732
20 25 879
6 2 55
3 21 588
27 18 136
22 14 954
13 6 483
2 9 531
19 6 814
6 4 180
11 24 466
22 18 603
5 13 358
20 3 994
7 19 476
2 28 189
25 29 419
25 6 739
23 19 81
4 16 391
18 4 876
20 9 95
27 6 775
21 8 221
15 6 46
3 12 527
17 26 244
7 29 343
29 27 407
6 11 437
6 11 280
28 12 495
29 24 490
29 2 410
24 26 748
16 6 701
13 28 123
9 24 669
1 28 674
14 1 599
20 28 769
1 28 804
28 27 95
29 25 718
26 16 323
20 10 630
28 1 374
9 27 928
2 1 295
24 23 156
22 5 140
9 10 409
28 27 227
16 26 143
8 16 262
14 12 460
28 16 122
14 17 31
18 6 665
9 15 362
12 18 385
15 12 885
11 29 154
16 3 614
6 8 810
28 20 684
13 11 642
0 27 154
16 12 404
25 28 471
16 23 444
15 13 550
6 11 625
28 19 45
17 0 211
0 12 301
2 20 518
14 18 534
25 1 1
19 13 67
1 8 23
8 13 433
12 8 169
0 10 79
21 11 388
22 9 640
4 18 535
0 5 194
17 6 621
4 24 498
11 5 592
19 11 10
10 16 220
2 6 617
11 18 420
22 17 766
22 12 303
0 12 986
6 16 951
23 11 747
3 15 308
1 4 618
27 28 361
22 16 319
18 28 450
17 21 165
2 15 677
13 15 897
16 23 893
14 21 162
22 26 614
11 4 529
24 6 375
4 18 991
13 29 276
2 6 299
27 17 788
22 8 528
5 4 424
10 21 930
4 12 858
4 6 827
14 6 630
19 11 576
14 25 49
14 17 734
24 10 807
29 8 144
1 27 607
8 15 303
22 29 701
29 4 463
29 23 653
16 20 686
3 26 929
20 2 996
27 8 69
20 21 472
11 5 325
29 11 461
23 27 986
1 2 436
2 24 272
21 2 630
19 27 331
21 4 37
9 27 793
2 21 374
2 22 872
9 7 779
13 3 952
5 16 53
20 17 28
4 13 588
5 7 621
21 4 831
26 3 17
14 9 643
26 21 118
24 11 317
14 21 29
26 23 428
3 29 976
3 14 333
24 3 169
22 20 390
21 16 273
12 21 287
15 25 504
17 21 394
7 24 656
18 0 520
23 11 48
18 13 6
2 24 479
20 23 565
10 18 876
23 8 622
15 9 884
21 20 47
2 0 642
13 11 818
17 0 223
5 3 101
29 5 250
29 6 189
1 18 324
9 28 357
11 12 485
10 24 166
0 1 689
24 25 872
15 5 210
8 29 281
25 18 772
12 25 443
14 13 29
16 21 964
3 14 895
8 1 634
17 6 996
2 10 711
10 20 323
26 10 666
26 28 922
25 7 666
19 14 570
27 19 556
16 19 411
0 26 114
25 21 81
13 20 238
20 14 259
0 25 888
20 6 539
7 14 685
11 10 483
27 15 588
6 3 356
23 25 895
29 1 980
0 23 479
6 5 516
14 16 948
1 25 936
11 12 347
25 19 99
8 13 567
18 24 405
18 16 498
4 26 273
14 2 436
14 10 564
19 6 190
26 24 335
14 7 408
3 23 942
25 20 191
15 11 181
17 24 7
16 2 788
27 7 668
16 27 380
8 13 718
4 14 489
9 2 603
11 28 764
1 29 487
13 8 987
24 1 144
13 5 476
18 13 381
29 12 107
14 25 753
25 6 676
3 7 252
28 9 571
12 20 751
24 10 413
13 21 561
19 23 912
17 4 524
19 8 986
11 3 253
0 28 476
24 1 495
3 16 893
28 3 855
28 0 653
23 10 345
21 28 658
29 2 304
18 7 976
6 7 715
26 14 485
15 27 814
0 28 147
16 5 708
9 29 415
9 28 962
26 8 919
1 27 331
3 15 121
1 0 123
16 8 619
15 11 291
6 27 955
20 3 15
29 23 336
17 3 846
7 6 944
13 20 126
9 6 68
11 10 902
27 8 206
15 3 653
28 13 97
13 25 976
22 7 267
14 24 706
13 15 93
13 23 833
21 28 256
22 23 127
3 25 228
1 23 236
28 24 778
21 12 744
3 29 514
27 3 922
28 3 266
15 14 423
25 28 118
15 17 774
19 13 728
6 10 575
28 4 772
16 26 866
17 5 822
29 10 627
26 3 623
3 21 687
16 11 540
3 15 961
1 3 972
1 29 214
29 15 532
20 22 469
29 19 722
29 20 298
21 25 642
6 13 366
15 22 213
18 15 174
8 28 768
21 10 763
8 3 348
13 24 699
8 14 595
13 19 826
4 25 52
5 27 594
13 11 535
26 18 262
12 4 831
12 7 841
9 12 161
23 0 410
20 8 261
15 22 869
28 18 368
8 28 734
25 7 640
8 25 76
13 9 730
22 7 603
7 8 270
7 8 559
0 12 611
1 5 561
12 18 399
10 7 239
22 5 183
15 20 865
26 25 72
4 6 324
0 1 187
21 13 928
7 11 148
13 29 425
14 4 971
27 21 411
15 29 767
3 0 268
19 2 125
9 8 543
18 23 165
21 22 519
13 18 933
15 19 76
16 11 766
25 10 280
21 4 734
8 16 644
1 18 731
29 26 984
29 23 616
10 23 386
8 4 520
20 23 507
25 12 896
18 15 688
19 7 671
27 8 270
5 8 837
7 24 302
14 22 178
6 24 375
3 15 750
15 13 598
7 26 276
22 12 366
23 16 609
1 20 402
13 14 497
25 18 320
19 2 311
17 11 500
2 14 400
15 13 376
13 2 814
28 20 259
24 19 2
15 3 467
17 18 397
26 23 715
15 8 905
28 19 105
9 21 135
21 27 122
23 5 658
18 28 80
25 4 330
23 13 874
19 18 48
20 16 369
15 24 485
20 4 681
26 29 358
23 22 687
4 5 447
20 12 14
23 4 106
28 29 492
5 6 774
20 10 512
28 8 377
7 13 852
8 5 466
3 9 698
9 25 380
28 20 298
24 20 254
27 21 272
6 22 910
16 26 375
18 14 172
11 0 761
28 2 390
5 6 947
29 10 128
14 18 250
1 11 961
7 11 482
21 19 440
27 26 592
6 8 874
12 21 592
13 4 808
13 29 32
19 11 249
4 29 585
20 27 787
18 28 7
22 14 445
10 6 194
10 21 970
24 4 906
13 22 756
8 13 354
15 2 465
27 4 271
26 2 583
8 20 820
28 20 43
5 21 171
18 28 678
19 15 289
23 27 933
14 27 210
7 24 248
7 23 597
19 25 286
11 27 27
21 22 480
28 13 439
20 21 79
8 11 157
26 18 167
17 0 409
