"N_NODES: 8;" "N_TXS: 200;" "AMOUNT_MIN: 1;" "AMOUNT_MAX: 100;" "AMOUNT_AVG: 48.235;"
node1 node2 amount
4 5 46
7 1 56
1 2 80
3 1 68
2 4 45
4 3 88
6 2 48
6 1 65
1 6 29
1 6 79
0 3 54
5 0 88
6 7 6
3 1 96
7 0 82
6 1 84
6 1 61
1 7 37
4 7 5
6 5 22
5 6 36
6 1 81
2 5 79
7 4 15
0 1 59
3 1 73
7 5 38
6 4 96
7 5 74
6 3 99
7 6 35
3 5 25
5 3 31
4 7 79
2 5 19
4 6 85
0 5 77
3 6 6
3 6 14
5 3 99
1 5 7
2 4 77
5 4 8
3 2 58
7 0 91
4 5 36
4 1 25
0 3 12
4 7 49
2 3 16
2 3 71
7 2 12
5 2 93
6 4 99
7 5 93
5 0 2
0 2 15
5 7 57
2 7 82
3 0 43
2 1 43
6 5 43
1 6 10
2 0 15
4 5 71
2 6 60
6 0 94
0 5 45
1 2 16
3 6 84
4 6 28
3 6 23
0 3 93
6 4 52
3 7 80
6 5 2
4 0 43
1 3 37
0 3 40
4 6 3
5 7 56
5 1 12
5 3 67
2 5 34
5 0 38
1 2 31
1 7 19
1 7 17
4 0 96
1 6 76
1 5 89
3 5 53
6 5 50
7 2 8
1 2 27
6 0 45
7 0 1
7 2 40
3 6 83
5 2 16
5 3 54
2 6 97
0 5 74
2 6 76
1 7 43
7 2 21
5 1 68
2 1 63
1 0 82
1 3 75
7 6 36
3 2 4
6 0 30
0 7 85
2 7 55
5 2 44
4 1 32
0 4 74
5 4 17
4 2 9
3 6 8
6 7 43
4 0 76
3 0 60
1 6 43
7 6 24
0 6 63
4 1 90
6 2 20
2 3 97
1 0 2
5 7 15
2 3 8
4 0 61
1 2 79
3 5 43
6 0 62
5 3 26
5 7 17
5 4 28
1 7 73
0 7 32
1 0 72
2 7 47
4 6 1
1 5 47
0 1 98
4 0 80
7 5 90
1 6 44
7 6 27
6 4 75
3 6 24
7 4 31
7 0 19
6 5 80
6 0 89
2 6 10
3 6 37
1 5 59
5 4 21
7 0 37
2 4 15
3 5 33
6 3 39
4 7 35
2 1 95
1 2 69
3 7 5
7 4 78
1 5 79
6 1 3
4 1 29
2 0 17
0 7 11
3 2 22
3 1 45
0 1 14
3 5 65
1 4 25
5 7 37
4 3 89
2 7 3
3 1 18
7 0 43
4 5 34
4 1 69
2 0 52
0 4 13
6 5 47
6 4 78
7 4 36
7 1 76
6 2 59
0 1 65
1 5 91
3 2 28
6 2 68
4 2 43
2 0 77
