"N_NODES: 8;" "N_TXS: 200;" "AMOUNT_MIN: 1;" "AMOUNT_MAX: 100;" "AMOUNT_AVG: 49.065;"
node1 node2 amount
7 3 9
6 2 57
0 1 10
3 6 61
7 4 26
3 7 38
1 3 51
4 3 35
0 3 29
4 0 27
6 1 13
0 5 69
5 3 96
0 7 42
4 0 24
0 1 80
6 2 55
5 6 60
7 2 69
4 2 87
1 7 49
7 0 25
7 1 10
3 7 65
2 6 65
4 2 68
2 0 96
7 3 67
3 4 29
7 0 9
1 0 45
2 5 96
7 4 90
4 1 27
4 6 53
1 2 58
4 5 100
5 2 12
2 1 69
6 5 35
2 3 65
5 4 88
1 6 89
7 0 69
1 5 54
4 6 26
4 1 26
2 4 15
6 5 41
3 7 15
4 2 61
4 2 95
0 6 20
6 1 95
4 2 82
1 3 54
3 2 97
1 0 66
6 4 60
0 7 73
6 2 89
7 6 34
1 4 90
2 3 50
6 2 43
6 7 95
2 6 41
0 4 99
0 4 16
6 3 48
1 2 71
0 3 69
4 3 82
2 7 83
2 0 40
2 7 26
0 5 48
7 5 32
2 4 32
4 7 54
4 2 96
3 4 46
1 7 92
0 6 10
1 2 18
3 6 22
2 3 54
7 0 74
3 2 2
7 0 56
1 5 6
5 0 31
3 4 22
7 4 84
3 1 5
0 4 99
1 5 30
0 4 48
0 7 86
6 2 53
4 7 44
3 5 31
4 6 69
5 1 11
0 2 33
7 1 1
4 7 13
6 2 37
6 4 31
2 5 94
2 7 31
6 1 87
6 5 14
6 3 83
3 0 22
2 5 6
6 2 43
6 1 52
3 0 77
1 4 16
7 1 7
5 0 22
3 4 19
4 1 21
2 7 13
1 0 98
2 4 88
2 0 68
6 5 40
3 7 84
4 6 59
5 0 58
2 4 40
5 3 8
1 2 53
2 0 36
1 3 91
1 6 27
7 0 47
6 5 33
4 2 13
1 2 23
7 2 95
3 5 25
2 7 75
5 3 8
1 7 4
5 4 20
3 4 56
3 1 46
6 1 24
6 4 46
0 7 99
0 6 32
5 2 1
2 3 94
7 2 34
2 5 11
6 1 66
6 4 25
7 2 54
0 7 81
1 2 14
0 5 46
5 7 95
5 0 15
6 3 60
5 3 17
2 1 67
2 3 22
0 6 90
0 4 24
5 3 25
7 4 39
5 6 10
6 7 45
6 2 13
4 1 25
2 7 60
7 5 25
4 3 52
4 6 59
3 2 26
2 3 60
3 6 20
6 0 56
4 3 91
2 7 39
5 1 48
1 2 45
2 4 58
1 4 55
6 2 89
1 6 34
7 0 61
3 1 45
4 3 97
4 1 98
3 1 97
7 0 79
