"N_NODES: 7;" "N_TXS: 200;" "AMOUNT_MIN: 1;" "AMOUNT_MAX: 100;" "AMOUNT_AVG: 46.77;"
node1 node2 amount
0 6 98
1 4 90
3 0 5
1 5 30
6 5 55
5 3 17
4 0 4
1 0 15
4 6 48
6 1 8
4 1 95
4 6 81
4 1 40
3 5 30
2 0 25
2 1 70
6 5 79
0 4 69
4 6 23
3 5 38
4 1 83
4 6 56
3 6 56
6 1 32
0 2 50
3 1 80
6 5 23
6 4 17
1 4 3
1 3 95
2 3 82
1 4 20
1 2 24
5 0 72
5 2 77
6 4 17
6 2 41
4 5 71
5 6 30
2 0 60
4 6 31
2 6 62
5 3 57
5 1 44
4 2 76
5 4 12
3 0 82
3 5 40
0 5 50
3 1 26
3 6 85
6 2 12
0 6 46
1 4 1
3 4 98
1 3 15
3 2 63
4 6 26
6 4 12
3 6 1
3 4 18
3 2 92
0 2 85
4 0 61
0 3 25
3 6 37
0 1 97
6 2 4
4 5 58
0 3 1
4 2 32
3 1 45
0 1 35
2 5 17
1 5 95
5 4 26
5 3 14
0 3 43
3 4 57
5 4 37
5 4 42
1 4 41
3 4 94
1 5 54
1 6 55
4 0 99
3 2 35
0 1 75
4 0 94
6 4 95
4 2 11
5 3 8
6 4 71
3 4 68
5 6 53
1 6 85
4 3 28
5 6 5
4 1 17
6 3 9
1 6 25
6 4 100
3 1 2
5 2 68
4 2 32
0 6 49
2 3 59
4 0 44
6 1 83
1 3 65
6 2 23
4 2 19
4 0 66
4 5 76
4 5 67
5 6 57
2 4 99
4 3 50
0 3 78
1 5 28
6 4 81
3 4 52
6 5 63
3 5 15
4 5 85
5 1 23
1 0 92
6 4 53
4 6 29
2 6 90
2 6 66
3 1 21
2 3 60
0 3 16
5 3 43
2 0 83
0 6 42
2 4 66
6 1 3
6 4 64
6 3 59
1 4 3
3 4 8
6 4 75
4 2 67
0 4 5
3 5 16
4 2 71
6 1 11
2 0 11
5 1 85
6 4 9
4 1 93
6 0 3
1 2 88
1 6 11
0 3 87
4 1 99
6 1 15
0 2 24
6 0 49
0 1 73
0 6 7
2 1 26
0 5 38
0 3 16
1 6 85
5 0 41
3 2 41
3 5 50
5 4 16
4 5 99
6 1 2
1 0 29
0 4 22
2 6 36
6 1 5
0 2 14
1 5 47
3 0 7
2 5 22
0 2 35
6 0 97
0 2 49
1 3 69
4 5 87
4 1 48
1 3 63
6 0 24
3 1 33
5 2 81
5 2 96
1 4 8
5 3 22
5 1 6
3 5 42
1 4 46
3 1 66
0 5 51
6 5 63
