"N_NODES: 8;" "N_TXS: 200;" "AMOUNT_MIN: 1;" "AMOUNT_MAX: 100;" "AMOUNT_AVG: 51.525;"
node1 node2 amount
3 1 27
1 2 70
7 1 100
2 3 18
1 3 72
2 3 74
7 0 93
0 7 1
3 1 88
2 6 74
1 6 45
3 7 61
1 4 65
2 4 34
1 2 10
0 7 44
6 1 71
6 2 49
3 2 38
7 5 93
0 3 31
7 0 41
2 1 27
1 7 74
4 1 75
1 5 20
5 7 78
6 5 45
6 0 7
4 0 48
5 7 18
5 6 63
2 4 9
6 5 16
5 3 31
6 3 93
3 0 36
4 5 52
4 3 68
6 2 30
4 1 59
1 2 99
0 7 56
7 1 85
5 0 1
0 1 18
4 7 95
0 2 39
1 5 93
0 5 42
4 6 84
5 3 67
3 2 35
0 1 66
0 2 89
7 4 77
2 6 93
3 6 95
5 4 21
4 7 24
4 7 80
1 7 24
1 4 14
3 7 95
3 4 42
0 3 71
6 5 28
2 5 36
4 5 25
2 3 54
4 0 2
5 0 76
0 1 66
1 2 23
5 2 100
7 4 86
2 5 75
5 3 72
5 1 1
6 4 1
0 1 38
4 7 58
0 5 93
0 3 68
6 7 66
3 5 26
3 7 13
5 7 37
5 7 28
1 7 55
5 4 48
7 1 58
4 0 6
4 2 90
0 1 28
0 1 13
1 0 42
3 0 42
1 0 25
6 7 1
3 2 80
4 5 18
3 6 19
5 7 41
5 1 70
1 3 88
4 2 48
7 0 95
7 5 22
5 2 39
6 0 8
6 1 90
5 2 50
0 7 62
3 1 99
5 7 11
0 5 22
1 0 74
6 3 53
4 6 95
7 1 81
6 7 62
5 0 33
3 2 83
2 5 52
6 4 89
1 4 15
4 3 42
3 7 95
6 0 55
1 7 99
6 0 53
1 2 54
2 6 90
1 3 20
4 1 91
7 2 3
2 3 19
6 3 44
3 4 13
6 3 75
7 4 84
5 0 31
4 0 74
7 1 13
4 3 19
5 6 78
2 0 69
2 7 87
5 1 28
7 2 23
5 3 75
3 4 67
6 3 59
1 7 23
3 0 85
5 4 37
0 2 28
1 0 67
4 3 85
5 6 2
2 4 8
1 5 16
2 3 71
3 0 7
7 6 63
2 0 56
3 4 71
7 2 61
3 1 76
0 4 26
2 4 3
0 5 71
1 3 77
6 0 65
0 2 93
6 2 57
1 5 26
7 2 17
4 1 78
2 0 86
4 0 8
5 3 85
5 2 4
0 6 63
0 2 69
2 3 3
0 2 92
5 2 2
3 6 14
3 4 96
0 2 97
0 4 17
7 0 69
1 6 37
7 6 35
1 6 92
5 1 21
5 1 60
6 7 94
