"N_NODES: 6;" "N_TXS: 150;" "AMOUNT_MIN: 1;" "AMOUNT_MAX: 100;" "AMOUNT_AVG: 49;"
node1 node2 amount
3 5 12
0 3 71
3 2 25
5 1 74
5 1 68
4 2 16
3 0 3
1 4 72
0 4 88
5 4 50
1 0 34
2 3 3
5 1 6
2 5 37
4 1 70
5 4 65
2 3 58
2 4 91
4 5 80
5 0 7
3 1 98
0 4 63
0 3 50
0 5 28
4 0 89
1 2 37
2 1 49
3 2 87
2 4 33
0 5 90
3 5 97
2 1 18
4 1 45
4 5 35
0 5 92
0 4 50
3 5 100
3 1 12
1 4 96
4 5 30
1 2 29
0 2 95
2 1 24
0 1 30
3 5 97
4 1 39
4 3 84
3 0 7
5 4 13
5 3 36
3 5 64
5 2 1
2 0 43
3 4 42
0 5 64
1 3 54
2 4 4
1 3 66
3 5 53
1 5 57
1 2 72
0 2 79
3 1 16
3 4 55
5 1 23
2 1 41
2 0 68
4 3 95
1 0 4
5 1 91
2 5 39
4 3 12
0 4 25
3 2 20
1 0 75
0 4 6
2 3 51
2 1 28
0 2 44
1 0 61
2 1 89
5 1 29
1 4 69
1 2 65
1 3 1
5 4 56
4 0 96
4 0 39
4 2 19
3 1 41
4 0 73
1 0 63
4 0 12
2 3 86
5 4 30
1 2 4
1 2 40
1 0 9
1 0 34
4 1 36
1 4 27
2 0 56
1 4 39
0 2 77
2 3 55
1 5 14
3 2 13
5 2 91
1 0 32
3 2 71
3 4 75
5 2 52
2 3 20
3 5 52
3 0 23
3 1 36
4 3 51
2 0 97
3 2 52
2 1 8
2 3 69
4 2 10
5 4 59
3 1 10
2 3 83
0 4 74
0 2 33
0 1 18
2 3 43
0 5 35
0 2 82
2 3 85
2 3 65
1 2 67
5 0 85
1 5 49
5 0 15
1 5 48
4 2 9
0 1 36
1 3 60
2 3 57
4 1 53
2 3 23
0 5 45
5 0 62
3 4 94
1 0 95
2 0 72
1 0 68
