"optimal capital: 2429"
"optimal trees: [812]"
Results:
3218 0
3040 1
3140 2
3110 3
3511 4
3807 5
3190 6
3414 7
3290 8
3735 9
3707 10
4003 11
3376 12
3116 13
3613 14
3258 15
3906 16
4202 17
2936 18
3183 19
2880 20
2952 21
3245 22
3541 23
3184 24
3002 25
3375 26
3092 27
3200 28
3636 29
3654 30
3448 31
3907 32
3214 33
3462 34
3496 35
3974 36
3843 37
3112 38
3082 39
4267 40
4563 41
3578 42
3410 43
3337 44
3302 45
3703 46
3999 47
3116 48
3573 49
3810 50
3768 51
4103 52
4399 53
3068 54
3128 55
3390 56
3144 57
3437 58
3733 59
4100 60
3376 61
3572 62
3284 63
3392 64
3828 65
4661 66
3846 67
4104 68
3406 69
3654 70
3688 71
3461 72
3198 73
3366 74
3268 75
3754 76
4050 77
3376 78
3537 79
3313 80
4171 81
3830 82
4126 83
3103 84
3163 85
3115 86
3007 87
3408 88
3704 89
2853 90
3619 91
2833 92
2849 93
3142 94
3438 95
3186 96
3125 97
3081 98
2989 99
3097 100
3533 101
3745 102
3571 103
3551 104
3111 105
3359 106
3393 107
3053 108
2758 109
2858 110
2958 111
3346 112
3642 113
3296 114
3124 115
3318 116
2900 117
3417 118
3713 119
2821 120
3144 121
3102 122
2865 123
3395 124
3691 125
2695 126
2750 127
2629 128
2707 129
3000 130
3296 131
2778 132
2712 133
2864 134
2705 135
2942 136
3236 137
3337 138
3158 139
3396 140
2765 141
3000 142
3238 143
3216 144
3006 145
3106 146
3108 147
3453 148
3747 149
3544 150
3801 151
3253 152
3693 153
3932 154
4619 155
3069 156
3079 157
3103 158
2995 159
3198 160
3482 161
2693 162
3141 163
2617 164
2695 165
2790 166
3074 167
2943 168
2998 169
2877 170
2847 171
2955 172
3391 173
3652 174
4237 175
3539 176
2753 177
3013 178
3239 179
3276 180
4279 181
3802 182
3016 183
3511 184
3749 185
3626 186
3832 187
3375 188
3322 189
4354 190
4228 191
3812 192
3635 193
3136 194
2886 195
3219 196
3494 197
2994 198
3550 199
2854 200
2728 201
2811 202
3086 203
3242 204
3798 205
3102 206
2726 207
2976 208
3249 209
3502 210
3444 211
3409 212
2969 213
3217 214
3251 215
3560 216
3368 217
3896 218
3452 219
3853 220
4149 221
3218 222
3415 223
3650 224
3620 225
3708 226
4004 227
4132 228
4279 229
4369 230
3230 231
4662 232
4958 233
3278 234
3396 235
2852 236
3294 237
3587 238
3883 239
3526 240
3331 241
4131 242
3434 243
3542 244
3978 245
3996 246
3477 247
4663 248
3556 249
3804 250
3838 251
3885 252
3728 253
3500 254
3110 255
4178 256
4474 257
3327 258
3251 259
3173 260
3143 261
3544 262
3840 263
3613 264
3409 265
3646 266
3291 267
3939 268
4235 269
2845 270
2969 271
2913 272
2985 273
3278 274
3574 275
3760 276
3217 277
3408 278
3125 279
3233 280
3669 281
4457 282
3687 283
3940 284
3247 285
3495 286
3529 287
4567 288
4001 289
4410 290
3008 291
4860 292
5156 293
3485 294
3494 295
3399 296
3301 297
3787 298
4083 299
4009 300
3136 301
3148 302
3040 303
3441 304
3737 305
2743 306
2886 307
2866 308
2882 309
3175 310
3471 311
4442 312
3219 313
3114 314
3022 315
3130 316
3566 317
5139 318
3778 319
3584 320
3144 321
3392 322
3426 323
3745 324
3086 325
2990 326
3588 327
4038 328
4334 329
3045 330
3086 331
2891 332
2991 333
3379 334
3675 335
3103 336
2854 337
3135 338
2898 339
3428 340
3724 341
3187 342
2728 343
2662 344
2740 345
3033 346
3329 347
3620 348
2811 349
2897 350
2738 351
2975 352
3269 353
4317 354
3370 355
3429 356
2798 357
3033 358
3271 359
3326 360
3334 361
4022 362
3218 363
3523 364
3585 365
3293 366
3249 367
3139 368
3141 369
3486 370
3780 371
4135 372
3102 373
3136 374
3028 375
3231 376
3515 377
2953 378
2726 379
2650 380
2728 381
2823 382
3107 383
3435 384
2976 385
2910 386
2880 387
2988 388
3424 389
3762 390
3685 391
3572 392
2786 393
3046 394
3272 395
3772 396
4164 397
5097 398
3800 399
3735 400
3819 401
3654 402
3309 403
3835 404
3049 405
3544 406
3782 407
4819 408
3845 409
3169 410
2919 411
3252 412
3527 413
3490 414
3027 415
2887 416
2761 417
2844 418
3119 419
3738 420
3275 421
3135 422
2759 423
3009 424
3282 425
4132 426
3535 427
3442 428
3002 429
3250 430
3284 431
3486 432
3283 433
3294 434
3378 435
3779 436
4075 437
3433 438
3657 439
3876 440
3893 441
3950 442
4246 443
3144 444
3476 445
3341 446
3546 447
3634 448
3930 449
3204 450
3341 451
3322 452
3220 453
3513 454
3809 455
3452 456
3245 457
3257 458
3360 459
3468 460
3904 461
3922 462
3691 463
3403 464
3482 465
3730 466
3764 467
4128 468
3971 469
3338 470
3268 471
4421 472
4717 473
3570 474
3369 475
3537 476
3261 477
3662 478
3958 479
3225 480
3802 481
3933 482
3041 483
4226 484
4522 485
3003 486
3087 487
3027 488
3103 489
3396 490
3692 491
4003 492
3335 493
4059 494
3243 495
3351 496
3787 497
4700 498
3805 499
4620 500
3365 501
3613 502
3647 503
3811 504
2925 505
3654 506
3036 507
4104 508
4400 509
3212 510
3373 511
3149 512
3694 513
3666 514
3962 515
3253 516
2999 517
3177 518
3069 519
3470 520
3766 521
2771 522
3142 523
2895 524
2911 525
3204 526
3500 527
3686 528
2961 529
3143 530
3051 531
3159 532
3595 533
4383 534
3407 535
3613 536
3173 537
3421 538
3455 539
3671 540
2675 541
3012 542
3514 543
3964 544
4260 545
2962 546
3083 547
3255 548
2859 549
3376 550
3672 551
2971 552
2717 553
3451 554
3320 555
3744 556
4040 557
3113 558
2709 559
3055 560
2887 561
3180 562
3476 563
3546 564
2671 565
3577 566
3278 567
3409 568
4096 569
4243 570
3117 571
4138 572
3309 573
3831 574
3705 575
3252 576
3008 577
3260 578
3144 579
3449 580
3511 581
3295 582
3760 583
3503 584
3652 585
3891 586
4578 587
3219 588
2965 589
2915 590
2807 591
3139 592
3173 593
2879 594
3100 595
2793 596
2625 597
2849 598
2883 599
3361 600
2957 601
3303 602
3027 603
3135 604
3571 605
3688 606
4196 607
3351 608
3047 609
3557 610
3169 611
3698 612
4255 613
4090 614
3726 615
3661 616
3745 617
3717 618
3791 619
3585 620
3281 621
4313 622
4187 623
3580 624
4238 625
3061 626
3204 627
3023 628
3435 629
3416 630
3509 631
2779 632
2771 633
2733 634
3145 635
3664 636
3757 637
3027 638
3162 639
3019 640
3822 641
4058 642
3403 643
3864 644
3149 645
3397 646
3431 647
3492 648
2875 649
3414 650
3361 651
3785 652
4081 653
3025 654
3249 655
3008 656
3468 657
3542 658
3838 659
3650 660
2834 661
3887 662
3797 663
4180 664
4476 665
3096 666
3068 667
3168 668
2928 669
3221 670
3517 671
3618 672
2837 673
3649 674
3319 675
3450 676
4137 677
4179 678
3283 679
4181 680
3350 681
3872 682
3746 683
3720 684
3563 685
3218 686
2930 687
4013 688
4309 689
3162 690
2966 691
2888 692
2769 693
3259 694
3555 695
3331 696
3124 697
3361 698
2667 699
3654 700
3950 701
2817 702
2919 703
2663 704
3111 705
3404 706
3700 707
3595 708
2882 709
3123 710
2877 711
3074 712
3136 713
4292 714
3028 715
3655 716
3323 717
3286 718
3370 719
4085 720
2643 721
3928 722
3519 723
4378 724
4674 725
2930 726
3088 727
2864 728
2927 729
3381 730
3677 731
3527 732
2714 733
2892 734
2695 735
3185 736
3481 737
3003 738
2749 739
2845 740
3037 741
3330 742
3626 743
3960 744
2676 745
2808 746
2803 747
3000 748
3062 749
4657 750
3122 751
2954 752
3249 753
3212 754
3296 755
3403 756
2517 757
3018 758
3246 759
3696 760
3992 761
2804 762
2965 763
2841 764
2741 765
3258 766
3554 767
3131 768
2667 769
3164 770
2927 771
3457 772
3753 773
2845 774
2591 775
2691 776
2769 777
3062 778
3358 779
3278 780
2553 781
2926 782
2767 783
3004 784
3298 785
3975 786
2999 787
3458 788
2827 789
3062 790
3300 791
3490 792
2600 793
3540 794
3359 795
3727 796
4021 797
2887 798
2964 799
2804 800
2767 801
3201 802
3495 803
3653 804
2630 805
2630 806
2433 807
2854 808
2888 809
2843 810
2589 811
2429 812
2507 813
2731 814
2765 815
3367 816
2554 817
2654 818
2535 819
2732 820
2794 821
4177 822
3026 823
2692 824
2565 825
2790 826
2766 827
3550 828
3847 829
4615 830
3304 831
3785 832
4023 833
3309 834
3024 835
2926 836
2799 837
3259 838
3497 839
4337 840
3186 841
2776 842
2811 843
2738 844
3150 845
3154 846
2977 847
2729 848
2653 849
2615 850
3027 851
3676 852
2940 853
2692 854
2651 855
2616 856
3026 857
4064 858
3000 859
3186 860
2981 861
2944 862
3028 863
2956 864
3038 865
2878 866
2848 867
3180 868
3214 869
3216 870
3413 871
3256 872
3733 873
3650 874
3944 875
2882 876
3082 877
3079 878
2996 879
3303 880
3337 881
2834 882
3181 883
2618 884
2666 885
2890 886
2924 887
3344 888
3003 889
3103 890
3068 891
3176 892
3612 893
3392 894
3475 895
3141 896
3088 897
3598 898
3210 899
3972 900
3841 901
3466 902
3108 903
4209 904
4503 905
3325 906
3527 907
3449 908
3419 909
3684 910
4256 911
3579 912
4078 913
4209 914
3567 915
4366 916
4938 917
2843 918
3195 919
3189 920
3387 921
3544 922
4116 923
3849 924
3167 925
3695 926
3251 927
3359 928
3795 929
4659 930
3963 931
4896 932
3599 933
3571 934
3931 935
3199 936
2891 937
3104 938
2774 939
3423 940
3457 941
3178 942
3770 943
3675 944
3970 945
3927 946
4499 947
2991 948
3275 949
3453 950
3345 951
3610 952
4182 953
2509 954
3418 955
3121 956
3313 957
3470 958
4042 959
3336 960
3082 961
3093 962
3177 963
3285 964
3721 965
3483 966
4054 967
3889 968
3525 969
3497 970
3857 971
2791 972
2515 973
2756 974
2696 975
3015 976
3049 977
2802 978
3362 979
3117 980
3267 981
3519 982
4091 983
2869 984
2943 985
3727 986
3596 987
3884 988
4456 989
2583 990
2867 991
2967 992
3045 993
3202 994
3774 995
2928 996
2674 997
3213 998
3160 999
3291 1000
3978 1001
3075 1002
3646 1003
4414 1004
3103 1005
3349 1006
3863 1007
2984 1008
2765 1009
3266 1010
2876 1011
3181 1012
3243 1013
3052 1014
3642 1015
3089 1016
3534 1017
3773 1018
4460 1019
3379 1020
2915 1021
3165 1022
3057 1023
3260 1024
3544 1025
2611 1026
2982 1027
2679 1028
2757 1029
2852 1030
3136 1031
3093 1032
2839 1033
2939 1034
2909 1035
3017 1036
3453 1037
3420 1038
4078 1039
3601 1040
2815 1041
3075 1042
3301 1043
3014 1044
4277 1045
3540 1046
2754 1047
3239 1048
3215 1049
3652 1050
3585 1051
4111 1052
3325 1053
3831 1054
4345 1055
3318 1056
4514 1057
3337 1058
3480 1059
3144 1060
3832 1061
2892 1062
3253 1063
3005 1064
2929 1065
2736 1066
3424 1067
3402 1068
3225 1069
2977 1070
3044 1071
2901 1072
3704 1073
3240 1074
3811 1075
4140 1076
3257 1077
3229 1078
3589 1079
3102 1080
3426 1081
3178 1082
3245 1083
3064 1084
3476 1085
3248 1086
3473 1087
4312 1088
3526 1089
3708 1090
3946 1091
3260 1092
4715 1093
3225 1094
3681 1095
3187 1096
3599 1097
2820 1098
3454 1099
3206 1100
2812 1101
2774 1102
3186 1103
3068 1104
3389 1105
3141 1106
3203 1107
3060 1108
3863 1109
3905 1110
3449 1111
3635 1112
3190 1113
3438 1114
3472 1115
4032 1116
3786 1117
3774 1118
2988 1119
4267 1120
4505 1121
3636 1122
3422 1123
3708 1124
2940 1125
3855 1126
3980 1127
3552 1128
3580 1129
4104 1130
2838 1131
4537 1132
4662 1133
3126 1134
3140 1135
3198 1136
3282 1137
3715 1138
3840 1139
4158 1140
3388 1141
4230 1142
3048 1143
3530 1144
3421 1145
4546 1146
3313 1147
4227 1148
3373 1149
3621 1150
3655 1151
3345 1152
4437 1153
3538 1154
3403 1155
3307 1156
3719 1157
3812 1158
3665 1159
3320 1160
3098 1161
4098 1162
4223 1163
2987 1164
3307 1165
3348 1166
2866 1167
3781 1168
3906 1169
2737 1170
3057 1171
3066 1172
3208 1173
3641 1174
3766 1175
3070 1176
3390 1177
3314 1178
2974 1179
3456 1180
3347 1181
4033 1182
3528 1183
3239 1184
3299 1185
3547 1186
3581 1187
2937 1188
3144 1189
2896 1190
3130 1191
2899 1192
3311 1193
3354 1194
3257 1195
3426 1196
2912 1197
3690 1198
3815 1199
2705 1200
3025 1201
3622 1202
3098 1203
4055 1204
4180 1205
2579 1206
2899 1207
3226 1208
2940 1209
3373 1210
3498 1211
2662 1212
2982 1213
3748 1214
2938 1215
3462 1216
3585 1217
3625 1218
3120 1219
3745 1220
3191 1221
3713 1222
3587 1223
3100 1224
3392 1225
3144 1226
3243 1227
3065 1228
3475 1229
3602 1230
3420 1231
3674 1232
2938 1233
3944 1234
4067 1235
2953 1236
3273 1237
3086 1238
2604 1239
3431 1240
3294 1241
2577 1242
2897 1243
2964 1244
2678 1245
3023 1246
2886 1247
2827 1248
3147 1249
3474 1250
2706 1251
3188 1252
3079 1253
3903 1254
3311 1255
2977 1256
2929 1257
3439 1258
3051 1259
3430 1260
4012 1261
4341 1262
3458 1263
3393 1264
3477 1265
3474 1266
3673 1267
3211 1268
3163 1269
4195 1270
4069 1271
4063 1272
3471 1273
3198 1274
2948 1275
3281 1276
3556 1277
3148 1278
3391 1279
2916 1280
2790 1281
2873 1282
3148 1283
3396 1284
3639 1285
3164 1286
2788 1287
3038 1288
3311 1289
3790 1290
3285 1291
3471 1292
3031 1293
3279 1294
3313 1295
