
randomtxs_3n_10txs.data

for 0-1-2


1-2: 
	-82,	82,		82
	-53,	53		29
	-130	130		77
	-81		81		49
	-90		90		9
	-70		70		20
	-129	129		59
	-111	111		18
	-33		33		88

	-130	0

0-1: 
	29,		-29		29
	-48		48		77
	1		-1		49
	-2		2		3
	18		-18		20

	-48 	-29

Total: 207



for 1-0-2

1-0:
	-82		82		82
	-79		79		3
	-88		88		9
	-147	147		59
	-129	129		18
	-41		41		88

	-147	0


0-2:
	-82		82		82
	-53		53		29
	-130	130		77
	-81		81		49
	-90		90		9
	-70		70		20
	-129	129		59
	-111	111		18
	-33		33		88

	-130	0

Total: 277
